1 703
2 11239
3 25315
4 9576
5 11029
6 1684
7 9503
8 18508
9 14184
10 7543
11 14214
12 8609
13 24582
14 8750
15 5554
16 9826
17 12896
18 13941
19 11424
20 17092
21 8108
22 3562
23 13527
24 79
25 18064
26 1961
27 21122
28 19344
29 28169
30 47
31 16261
32 113
33 134
34 11917
35 15171
36 6215
37 9028
38 101
39 13668
40 8568
41 16770
42 12490
43 3411
44 4506
45 61
46 9892
47 17491
48 5847
49 9792
50 9593
51 9411
52 28417
53 1456
54 11407
55 21588
56 19358
57 5650
58 9111
59 27504
60 17898
61 2871
62 9165
63 12765
64 13623
65 89
66 23102
67 20436
68 20114
69 7469
70 6761
71 112
72 20204
73 10440
74 12741
75 15031
76 28476
77 11628
78 5907
79 15375
80 18289
81 21654
82 3326
83 8985
84 99
85 2094
86 16564
87 21059
88 19915
89 17045
90 17703
91 8212
92 20773
93 4974
94 5490
95 7868
96 22392
97 25049
98 23660
99 15948
100 5621
101 84
102 5403
103 27450
104 17766
105 20198
106 12678
107 20330
108 13928
109 8380
110 940
111 5264
112 5421
113 14995
114 14408
115 12942
116 11381
117 7715
118 101
119 108
120 19875
121 14256
122 13798
123 25817
124 18244
125 11879
126 4231
127 10200
128 9802
129 428
130 227
131 4780
132 956
133 19701
134 25894
135 24206
136 8691
137 7506
138 15419
139 127
140 7810
141 19780
142 8949
143 4347
144 20897
145 22908
146 31252
147 30562
148 12517
149 6197
150 55
151 7591
152 128
153 5692
154 2344
155 8949
156 13183
157 113
158 16686
159 87
160 13220
161 102
162 28541
163 123
164 10351
165 4350
166 13665
167 11653
168 6434
169 9626
170 21988
171 38807
172 11063
173 81
174 10401
175 44
176 13637
177 4459
178 22019
179 22152
180 106
181 12580
182 15621
183 78
184 39362
185 122
186 5690
187 686
188 17342
189 27075
190 15950
191 8913
192 12151
193 1894
194 90
195 123
196 22012
197 6903
198 7955
199 34332
200 19090
201 5550
202 1064
203 4475
204 13340
205 6804
206 14317
207 30267
208 15227
209 11099
210 12094
211 11325
212 14234
213 6221
214 14718
215 82
216 3028
217 113
218 59
219 105
220 23869
221 12954
222 19916
223 1740
224 197
225 13127
226 5322
227 12239
228 117
229 12229
230 1934
231 3912
232 31599
233 21065
234 1339
235 275
236 17257
237 6912
238 2532
239 6051
240 8970
241 308
242 111
243 9685
244 4117
245 93
246 19219
247 14965
248 7440
249 48
250 114
251 83
252 14397
253 3404
254 8180
255 15325
256 13384
257 16491
258 34459
259 120
260 19219
261 19358
262 11853
263 111
264 87
265 10971
266 141
267 9169
268 2047
269 721
270 3275
271 2591
272 113
273 16444
274 12219
275 240
276 9718
277 10327
278 11887
279 110
280 13642
281 11985
282 14581
283 11596
284 21011
285 11584
286 335
287 19197
288 7489
289 17241
290 71
291 12076
292 580
293 114
294 34973
295 1210
296 18022
297 12752
298 16375
299 614
300 22508
301 23726
302 21451
303 11673
304 22247
305 18959
306 9352
307 117
308 14588
309 326
310 19472
311 9690
312 8131
313 4765
314 13852
315 20439
316 14037
317 3202
318 20898
319 6733
320 112
321 22465
322 8422
323 12205
324 17418
325 6414
326 19546
327 10651
328 1495
329 17076
330 13905
331 15619
332 136
333 17602
334 7502
335 12764
336 8375
337 8019
338 15986
339 3431
340 21814
341 3158
342 2850
343 3000
344 9252
345 14508
346 17838
347 1484
348 70
349 20452
350 18106
351 17777
352 29398
353 18300
354 17962
355 30749
356 16626
357 18847
358 17859
359 103
360 32295
361 33436
362 85
363 9449
364 8741
365 18848
366 19187
367 9634
368 33173
369 38764
370 22341
371 12321
372 5102
373 7887
374 27454
375 9190
376 123
377 1511
378 17362
379 110
380 6468
381 4962
382 81
383 11504
384 1967
385 28772
386 19234
387 59
388 13977
389 14814
390 21742
391 17097
392 24046
393 2327
394 9315
395 14810
396 4546
397 2575
398 2931
399 9921
400 30327
401 18429
402 21832
403 20969
404 14232
405 886
406 17106
407 140
408 13956
409 18255
410 9406
411 12442
412 917
413 26736
414 23737
415 31877
416 4186
417 33719
418 2889
419 6242
420 86
421 3907
422 121
423 88
424 30646
425 22141
426 26596
427 23376
428 10061
429 1945
430 73
431 15488
432 7448
433 10418
434 10256
435 12587
436 24963
437 27946
438 96
439 4152
440 7731
441 16873
442 20916
443 9780
444 31732
445 8416
446 8890
447 3531
448 1149
449 5180
450 112
451 16057
452 1438
453 23192
454 118
455 96
456 15666
457 1213
458 22919
459 86
460 9394
461 133
462 13356
463 7896
464 2349
465 15825
466 10187
467 5604
468 8867
