1 1929
2 16677
3 85
4 126
5 94
6 130
7 18907
8 3242
9 11804
10 8465
11 8057
12 9660
13 16933
14 10694
15 4258
16 10297
17 166
18 13675
19 19945
20 23953
21 105
22 84
23 13654
24 21262
25 7640
26 14447
27 118
28 2568
29 3430
30 53
31 7681
32 10003
33 24823
34 2387
35 23894
36 13881
37 4861
38 20379
39 108
40 8974
41 121
42 16703
43 3146
44 23832
45 75
46 2533
47 31826
48 17843
49 17456
50 5785
51 20634
52 13313
53 16569
54 21386
55 13817
56 93
57 8656
58 18393
59 22644
60 14511
61 86
62 5918
63 11928
64 112
65 13664
66 23176
67 22091
68 9330
69 12062
70 7466
71 8881
72 10851
73 13390
74 22489
75 10711
76 4916
77 16044
78 3413
79 7027
80 96
81 10299
82 26300
83 6444
84 12650
85 6149
86 809
87 88
88 19057
89 16783
90 3163
91 16559
92 3877
93 14340
94 5673
95 17141
96 2590
97 5377
98 17335
99 8110
100 5913
101 3573
102 109
103 11886
104 121
105 1233
106 4135
107 26067
108 25440
109 138
110 102
111 60
112 4294
113 19062
114 25928
115 5770
116 26816
117 8376
118 128
119 8566
120 6194
121 21257
122 3192
123 19126
124 2406
125 26388
126 117
127 117
128 157
129 9975
130 12054
131 22117
132 141
133 9111
134 19601
135 2929
136 8620
137 62
138 47
139 71
140 6241
141 11566
142 15256
143 12918
144 18180
145 20447
146 20941
147 30121
148 18397
149 12163
150 9628
151 101
152 3568
153 16623
154 93
155 26540
156 14038
157 28169
158 10843
159 87
160 15926
161 81
162 15547
163 18760
164 3487
165 18130
166 12882
167 113
168 122
169 33019
170 19066
171 13914
172 106
173 22970
174 74
175 13031
176 21420
177 4253
178 8284
179 18116
180 17948
181 3512
182 111
183 15986
184 4913
185 138
186 134
187 19262
188 84
189 31573
190 4847
191 7566
192 17520
193 10062
194 21108
195 8817
196 16267
197 29328
198 744
199 8417
200 11993
201 5037
202 32171
203 5106
204 10370
205 6985
206 14290
207 61
208 25211
209 162
210 20258
211 27580
212 6838
213 29462
214 13395
215 104
216 10966
217 15949
218 9755
219 2129
220 17502
221 97
222 122
223 3895
224 3430
225 6240
226 5146
227 14216
228 2380
229 29773
230 12603
231 16916
232 28864
233 7845
234 1616
235 119
236 11061
237 5705
238 119
239 316
240 872
241 7558
242 3489
243 6854
244 16977
245 4198
246 10806
247 15699
248 17395
249 15918
250 9714
251 10257
252 22761
253 5875
254 13373
255 105
256 10251
257 2318
258 20787
259 26729
260 66
261 124
262 5918
263 1340
264 1151
265 9400
266 77
267 11270
268 18727
269 22627
270 14417
271 34404
272 16598
273 15173
274 15908
275 15958
276 94
277 14033
278 17132
279 14674
280 116
281 10175
282 4346
283 1950
284 7417
285 15349
286 14835
287 5664
288 113
289 14276
290 7128
291 115
292 5315
293 6559
294 30376
295 97
296 10174
297 25502
298 10150
299 20889
300 2307
301 294
302 13750
303 32215
304 150
305 9499
306 7659
307 8497
308 11843
309 25427
310 26499
311 30814
312 32660
313 19604
314 5670
315 17753
316 17666
317 89
318 13246
319 104
320 20470
321 14469
322 10460
323 75
324 34500
325 13157
326 19348
327 14389
328 105
329 17261
330 17794
331 27086
332 2599
333 12182
334 15638
335 16679
336 110
337 87
338 17807
339 23182
340 4104
341 19447
342 20509
343 9895
344 22231
345 21310
346 4243
347 12295
348 22126
349 13364
350 19616
351 116
352 8823
353 10238
354 85
355 14328
356 10926
357 23066
358 5842
359 6128
360 8092
361 53
362 28580
363 22414
364 10059
365 29255
366 4272
367 115
368 96
369 14383
370 3247
371 13125
372 19640
373 140
374 77
375 13135
376 16350
377 6414
378 11957
379 11673
380 12181
381 11682
382 19132
383 3928
384 25008
385 6328
386 14668
387 9359
388 155
389 18221
390 21527
391 17066
392 28782
393 14955
394 22674
395 12155
396 131
397 10274
398 19671
399 10938
400 11831
401 106
402 5676
403 16947
404 21455
405 5346
406 22762
407 19063
408 1138
409 73
410 12836
411 114
412 31221
413 87
414 12891
415 12002
416 9922
417 13151
418 8031
419 47085
420 109
421 108
422 17897
423 23918
424 14408
425 91
426 99
427 1115
428 25470
429 98
430 21516
431 5980
432 20283
433 4273
434 860
435 1325
436 5168
437 156
438 7988
439 2444
440 28141
441 20919
442 8961
443 22400
444 6459
445 24997
446 11579
447 17065
448 15630
449 117
450 102
451 11343
452 65
453 1550
454 7
455 808
456 7845
457 21693
458 131
459 26598
460 118
461 23892
462 643
463 18163
464 12144
465 13788
466 131
467 34624
468 3725
469 9617
470 169
471 94
472 10670
473 3844
474 2048
475 2710
476 26816
477 14649
478 17442
479 76
480 5959
481 15591
482 6568
483 9876
484 5161
485 9926
486 17077
487 8361
488 8334
489 16087
490 11929
491 90
492 26841
493 13274
494 18800
495 89
496 72
497 5111
