1 18421
2 15139
3 13744
4 12673
5 14050
6 15800
7 3876
8 89
9 10083
10 114
11 1678
12 11636
13 11937
14 9536
15 16857
16 1387
17 2540
18 3707
19 17058
20 17429
21 8864
22 1096
23 2052
24 137
25 5397
26 8042
27 128
28 7878
29 25886
30 4978
31 16621
32 9966
33 16194
34 14766
35 11446
36 108
37 9445
38 93
39 13077
40 23163
41 104
42 2031
43 7569
44 9236
45 15835
46 6999
47 10356
48 10914
49 17724
50 13078
51 25173
52 20406
53 14419
54 14061
55 14360
56 6483
57 6014
58 93
59 14687
60 1533
61 12206
62 2632
63 17196
64 3047
65 12554
66 6686
67 17200
68 15669
69 99
70 9497
71 7749
72 6203
73 20278
74 1900
75 19319
