1 77
2 7657
3 738
4 3831
5 86
6 8672
7 4607
8 18699
9 9103
10 81
11 22738
12 6127
13 396
14 13139
15 14903
16 6469
17 10544
18 27290
19 6747
20 132
21 422
22 13746
23 19764
24 12496
25 2401
26 19943
27 25897
28 55
29 2655
30 14729
31 6269
32 18148
33 7384
34 111
35 6720
36 11963
37 10006
38 23780
39 154
40 85
41 13581
42 16390
43 7369
44 17888
45 98
46 23407
47 26660
48 26658
49 1213
50 78
51 10246
52 19658
53 87
54 16228
55 7572
56 22052
57 22977
58 6513
59 8082
60 6010
61 14478
62 7104
63 2960
64 12083
65 115
66 4635
67 7923
68 5964
69 16843
70 3050
71 15208
72 130
73 15493
74 13703
75 28248
76 15723
77 5750
78 3418
79 3919
80 15503
81 19428
82 20280
83 8727
84 12719
85 12932
86 12427
87 8160
88 100
89 18216
90 5822
91 1321
92 9401
93 18109
94 3180
95 18192
96 22348
97 392
98 6913
99 83
100 117
101 12433
102 11965
103 123
104 1612
105 15061
106 24909
107 14859
108 15922
109 5493
110 13551
111 15159
112 6790
113 8407
114 7807
115 5062
116 13389
117 17412
118 4140
119 20175
120 73
121 9920
122 8142
123 19648
124 32199
125 138
126 9288
127 6266
128 5011
129 57
