1 14073
2 119
3 9145
4 17277
5 6032
6 121
7 2997
8 2613
9 5677
10 157
11 6081
12 119
4108 22515
13 14203
4109 12023
14 607
15 2812
16 11795
4113 14201
18 7833
19 22540
21 3637
4117 10308
22 10468
23 73
4119 14199
24 14983
25 77
4121 24419
26 5928
27 12680
28 5638
29 106
4125 8652
30 1969
4126 5506
31 1708
4127 106
4128 3925
32 7749
4129 10311
33 3152
34 2956
4131 20694
35 90
36 14782
4133 3128
37 13298
38 29226
39 8702
41 21453
4137 14079
42 8190
43 17161
4140 31221
45 113
47 5687
4144 15853
48 4021
50 7516
4147 13708
51 10538
4148 7224
53 11032
4149 9867
54 4356
4150 128
55 16429
4151 12718
56 12993
57 8350
58 3946
59 13912
60 3490
61 38258
4157 9199
62 16511
63 4870
64 10806
65 12218
66 14995
67 191
68 4978
4164 4562
69 6964
70 92
71 18178
72 8393
73 98
74 9481
75 29949
76 18454
4172 24591
77 11204
4173 14345
78 9828
79 57
80 24815
4176 21947
81 9750
82 32356
83 6789
84 6598
85 6968
4181 16798
86 14473
4182 80
87 78
4183 3498
88 18624
89 6043
4185 9202
90 4772
91 11450
92 9847
93 71
94 6970
95 9515
96 44
97 9547
98 9979
99 8120
4196 21693
100 7180
4197 5211
4199 524
4201 9536
4205 19196
4207 11504
112 5332
4218 4531
123 3190
124 4943
125 98
126 7158
133 1743
134 11224
135 21728
136 3454
137 618
4234 19374
138 9260
4235 13054
142 10659
4247 15610
4248 19645
153 9630
4249 95
154 79
155 116
156 8090
157 157
158 2972
159 56
160 112
161 56
162 2037
163 111
164 11563
165 17232
166 4143
167 102
168 18490
169 6810
170 7521
171 24511
172 14900
173 13268
4269 83
174 2677
175 65
4271 12271
176 6482
177 9093
178 7924
179 73
180 9023
181 17660
182 22233
183 20457
185 12565
186 18061
187 4189
188 87
189 10526
190 2257
4286 155
191 3667
4287 13716
192 27909
4288 15788
193 40516
194 37804
195 102
196 87
197 14873
198 92
199 10872
201 79
202 76
204 9380
205 11591
206 5095
208 4540
209 16591
210 1798
211 5357
212 7555
213 7290
4309 88
215 20091
216 6977
4312 7181
217 9954
218 7361
219 9704
220 24784
221 103
222 8007
223 6177
224 12872
225 908
226 25106
227 10383
228 10495
229 5065
230 21944
231 3448
232 16807
233 20182
234 14300
235 24991
236 29015
237 16415
238 6616
239 17701
240 12626
241 73
242 23511
244 96
245 7450
246 17041
247 18247
248 18129
249 18392
250 24160
251 14332
253 16429
254 10902
255 27801
4351 16891
256 175
257 8842
258 11546
260 29840
261 17016
262 1634
263 1307
4359 9811
264 3264
265 100
266 15315
267 9131
268 23058
269 90
270 15455
271 21185
272 15272
273 4559
274 50
275 111
4371 12839
276 6053
277 13184
278 15940
279 84
280 149
281 10373
282 64
283 12664
284 20525
285 15841
286 8578
287 14475
288 4806
289 10701
290 8956
291 15302
292 85
293 21209
294 11261
295 14739
296 20987
297 7753
298 45
300 16012
302 12637
304 6142
306 607
307 29247
4405 14306
310 12014
4406 9440
4407 20053
4408 8393
4409 9437
4410 110
314 19733
4411 8313
4412 3903
4413 18589
4414 6364
4415 109
319 15320
320 4170
4416 101
321 26168
4417 8444
4418 134
4419 25999
323 12211
4420 7423
325 9767
4421 8714
4422 117
4423 13863
4424 28918
4425 2378
4426 9862
4427 11087
331 13726
4428 121
332 5426
4429 18644
4430 9682
4431 22228
4432 10373
4433 18964
4434 7283
4435 3891
339 5438
4436 5533
4437 19316
4438 28591
4439 133
4440 13577
344 16707
4441 1132
4442 19463
4443 126
4444 91
348 13900
349 5751
4445 2224
350 20722
4446 24696
4447 13227
4448 17606
4449 1361
4450 9685
4451 99
4452 12717
4453 15473
4454 22406
4455 14339
4456 67
4457 19641
4458 25775
4459 104
4460 68
4461 1310
4462 15974
4463 14774
367 14408
4464 114
4465 12028
4466 21826
4467 17562
4468 2085
4469 25100
4470 93
374 3877
4471 36612
376 68
4472 4019
377 21888
4473 17890
378 10620
380 4292
4476 17722
381 19566
383 126
4480 17633
384 22756
386 5866
387 106
388 24091
390 12612
4492 28210
396 119
4493 16592
397 3250
4494 138
398 10296
4495 16191
399 130
4496 4656
4497 3232
4498 15590
402 51
4499 16387
4500 83
4501 20861
4502 6307
4503 47
4504 8419
408 12806
4505 13837
4506 125
410 7862
4507 10172
4508 107
4509 16985
413 10177
4510 1567
414 95
4511 12226
4512 13142
4513 136
4514 12475
4515 3932
4516 8184
4517 5853
421 81
4518 4476
4519 15358
423 14434
4520 14870
424 9377
4521 98
4522 75
4523 14940
427 98
4524 113
428 5741
4525 57
4526 9408
4527 13863
4528 16338
4529 7159
4530 115
4531 25872
4532 8588
4533 18442
4534 69
4535 15872
4536 11661
441 131
4537 23683
4538 15270
443 5316
4539 9179
4540 2493
4541 8213
4542 16665
447 13589
4543 26165
4544 25575
4545 12717
4546 16488
4547 4397
451 371
4548 18981
452 7824
4549 12870
453 90
4550 20252
4551 23720
4552 20226
4553 9157
4554 16494
4555 16010
4556 11934
4557 13702
4558 26914
4559 19306
463 12021
4560 5858
4561 13730
4562 5094
4563 12726
4564 9637
4565 18361
470 12715
4566 47
4567 16601
4568 15240
4569 10489
4570 3811
4571 17382
475 10232
4572 1569
4573 7948
477 3291
4574 11757
4575 10766
4576 13819
4577 16830
4578 13763
482 2325
4579 92
4580 10707
4581 3103
4582 13474
486 12570
4583 7983
4584 4669
4585 11010
489 5594
4586 12952
4587 14666
4588 8411
4589 18527
494 19460
4590 1690
4591 8029
4592 16311
4593 4415
4594 112
4595 9564
499 36918
4596 14224
4597 23051
4598 19551
4599 6042
4600 5481
4601 4346
4602 14669
4603 29926
4604 19720
509 3740
4605 19523
4606 9661
4607 23427
4608 4186
4610 1077
4611 401
4612 18567
4613 2239
4614 116
4615 18866
520 1667
4616 25014
521 14995
4618 122
522 7581
523 7067
4619 6748
524 16793
525 7206
4622 15293
4623 17733
4624 22000
4625 23120
4626 20651
530 20085
4627 13979
531 6103
4628 11791
532 7519
4629 6520
533 15149
4630 24042
534 23022
535 5040
4632 10167
536 18857
4633 20817
537 15416
4634 15194
538 10266
4636 2500
4639 15959
4640 18323
4641 8899
4643 10284
4644 10783
548 3896
4645 5665
549 14711
4646 553
4649 25683
4650 11192
4652 20102
4654 21469
4655 3484
560 1584
4656 12413
4657 114
4658 6815
4659 14452
4660 110
4662 7406
4664 7524
4665 5253
570 11043
4667 18396
4669 29501
574 95
4673 109
4676 72
4677 12702
4679 20605
4681 6224
4682 20359
4683 13664
4684 2488
589 10999
590 7324
599 11005
600 17128
601 114
602 7441
607 14848
609 23675
4726 5142
4728 4453
4729 14849
4730 16015
634 73
635 7439
4732 71
4733 84
4734 12321
4736 12110
4739 8477
4740 10913
4741 18080
4743 6802
4744 27502
4745 9261
4746 4294
4749 6227
4750 30598
4752 15342
4754 2728
4755 114
659 12507
4756 7
4757 10284
4758 130
4759 17876
4760 11818
4762 4562
4764 20424
4765 10084
4767 6154
4769 6188
4773 15200
4776 17815
4777 9603
4779 6446
4781 15155
4782 414
4783 11378
4784 8872
4785 22316
4786 8968
4787 6506
4788 3885
4789 3520
4790 21602
4791 7421
4792 84
4793 9840
4794 5297
4795 7539
4796 123
4797 33974
701 9857
4798 20131
4799 146
703 31258
4800 5256
4801 9175
4802 11515
4803 2634
4804 1825
4805 11506
4806 4076
4807 2818
4808 12553
4809 54
4810 25042
4811 8873
715 16063
4812 517
4813 1499
4814 10546
718 7167
4815 8496
4816 4785
4817 12238
4818 5410
4819 67
4820 11912
724 1171
4821 14489
4822 13651
726 16870
4823 21238
4824 24650
728 149
4825 2074
4826 13290
730 1367
4827 2741
4828 9491
4829 29798
733 17589
4830 29870
4831 23493
4832 59
4833 21956
4834 125
4835 17825
4836 154
4837 1770
4838 15210
4839 11308
4840 17819
4841 8590
4842 9754
4843 12412
4844 14698
4845 105
4846 145
4847 22772
4848 26225
4849 8052
4850 14384
4851 15060
4852 93
4853 116
4854 107
4855 13460
4856 13457
4857 13218
4858 97
4859 7351
4860 18488
764 10733
4861 78
4862 14337
4863 21276
4864 16030
4865 3298
4866 114
4867 73
4869 148
4870 4001
4871 124
4872 7863
4873 12695
4874 12158
4875 77
4876 23507
4877 20161
4879 9560
4880 10009
4881 13552
4882 19341
4883 8362
4884 19248
4885 12730
4886 15017
4887 6733
4889 17913
4890 3604
794 101
4891 16752
4894 12154
4896 30395
4897 53
4899 20589
4900 8430
4904 127
4907 19113
4909 7819
4912 8982
4914 14632
821 103
4919 8004
4924 9441
828 14945
4929 10251
4930 17822
4933 24793
4934 8666
4935 23727
4936 74
4937 5755
4938 7327
4939 831
4940 22819
4941 20312
4942 114
4943 3112
4944 28805
4945 18185
849 22389
4946 12215
4947 5021
4948 7059
852 39
4949 20168
4950 21144
4951 20139
4952 10542
4953 17916
4954 83
4964 23442
4965 9211
869 18930
4966 6530
875 13542
4974 9097
881 11668
4984 2169
4985 11321
4986 101
895 10070
4994 11112
899 10979
4995 2168
4996 15109
5004 8813
914 1794
5014 9323
5054 17387
5055 83
5056 178
5064 95
5065 9648
5066 13858
5074 9954
5075 7232
979 2750
5076 854
5084 25442
5086 14402
5094 8863
5095 125
999 19542
5096 109
1002 16159
1005 12094
5104 27976
5105 4668
5106 24986
1013 17766
1015 6190
5114 18003
1019 22804
5115 36489
5116 1438
5125 9044
1029 12063
5126 146
5134 11897
1039 7902
5135 14439
5136 15018
1047 22000
5144 10340
1049 8548
5145 16543
5146 21123
5154 119
5155 727
1064 3322
1067 21054
5164 25278
1069 10763
5165 30435
5166 3579
1075 107
5174 8209
5176 111
1081 28104
1084 2020
5184 82
5185 22197
1089 18025
5186 14727
1092 10927
1093 27355
1094 9420
5195 6252
1099 24522
5196 3244
1102 14266
1107 25493
5204 3195
5205 6005
1110 20646
5206 16137
1113 16678
1114 19433
5215 17095
1119 5243
5216 16332
1120 37316
1122 7273
5224 10519
5225 25431
5226 7843
5234 13430
5235 180
5236 111
1140 29862
5244 6327
1149 13163
5245 1815
5246 28927
5254 27866
5255 4512
5264 10446
5265 4272
5266 69
5274 85
5275 19457
5276 6781
5285 12699
5286 52
5294 18372
1199 6577
5295 158
5296 61
5304 17893
5305 46886
5306 32432
1213 1937
5314 24068
1219 9347
5315 15694
1220 18862
5316 10282
1221 8430
1223 15275
1228 136
5324 24926
5325 23310
1230 79
5326 18182
1234 5030
1235 165
1238 27873
5334 22157
1239 4586
5335 20949
5344 6962
5345 22411
5346 89
5354 23583
5355 13990
5356 23910
5364 13135
5365 140
5366 15840
5374 19100
5375 5292
5376 13317
5386 173
1292 20706
1294 97
1295 109
1297 92
1298 4279
5394 1670
5395 122
5396 25515
1300 11003
1302 20599
1304 18250
1307 116
5404 7078
5405 2176
1310 22278
5406 2548
1319 408
1320 10372
1321 939
1323 30895
1325 118
5424 25405
5425 7956
5426 48
1331 85
1339 15359
1344 3279
1348 19791
1349 121
1350 76
5454 8312
5455 2251
5456 14276
1367 11369
5464 30463
5465 23891
5466 18536
1374 12598
1376 122
1377 7241
5475 22218
1381 14064
1383 20710
1386 7412
1387 5873
1388 21084
5484 8222
5485 19620
1390 11125
5486 11552
1396 21430
1397 22041
1398 23260
5494 17013
5495 20916
1399 123
5496 91
1402 113
5504 9129
1408 127
5505 7047
5506 1057
1410 28507
1413 9246
1414 17986
5514 14413
5515 17280
5516 25165
1424 11931
1427 17964
1428 13661
5525 18011
5534 17884
5535 253
5536 124
1441 5950
1443 11590
1447 19805
5544 18273
5545 29532
5546 98
1451 10613
1452 116
1453 2672
5554 13486
5555 25862
5556 15489
5564 22530
5565 11803
5566 5236
1470 9472
1475 10612
1477 15513
5574 18494
5575 17605
5576 139
5577 9554
1482 14600
1486 6529
5584 4407
5585 119
1489 3743
5586 18466
5587 7906
1494 15635
5594 16644
5595 10623
1499 12789
5596 17965
5604 8027
5605 5842
1509 11057
5606 12310
5614 5539
5615 6396
5616 16519
1520 114
5617 5977
1521 6638
1522 293
1524 142
1525 43
1526 28692
5624 13508
5625 7952
5626 95
1530 104
1532 15184
1533 13800
1534 2536
1535 15567
1536 19908
5635 17497
5636 25338
5645 7904
1549 16077
5654 26274
5655 29931
5656 10241
1560 3340
5664 4549
5665 4128
5666 134
1570 15512
5675 18762
5676 19538
5685 19297
1589 15208
1590 4625
5686 9929
5694 6752
5695 3666
5696 17955
1602 14967
1607 17256
5704 19321
5705 3906
5706 12438
5714 141
5715 701
5716 13633
5724 19147
5725 6789
5726 15647
1634 26733
5734 17158
5735 437
5736 13032
5744 1395
5745 11874
5754 29954
5755 25230
1659 17509
5756 33075
5764 14565
5766 1920
5774 11257
5775 27407
5776 9103
5784 12139
5785 126
5786 7233
5794 9430
5795 9570
5796 3255
5804 12449
5805 10530
5806 23834
1715 18504
5814 11954
5815 22240
5816 5195
5817 125
1724 14652
5824 6374
1728 17424
5825 109
5826 8851
1730 18989
5827 9770
1733 8194
5834 39
5835 4334
5836 10250
5844 2436
5845 4655
5846 14355
5847 36708
5854 4889
5855 12014
1764 75
5864 7915
5875 27647
5876 7548
5884 71
5885 3650
5886 1939
1794 18939
5894 31839
5895 24483
5896 11613
5904 8614
5905 9729
5906 13358
5914 21033
5946 6814
5947 3418
5950 20194
5951 14695
5952 16674
5953 106
5954 24450
5955 8860
5956 17072
5960 97
5961 20627
5962 28705
5963 77
5964 9791
5965 114
1869 26592
5966 2205
5968 15789
5969 3856
5970 152
5971 23441
5972 27880
5973 63
5974 97
5975 28180
5976 14455
5980 9702
5981 23582
5982 22489
5983 19956
5984 10757
1892 20877
5990 18195
5991 24969
1895 19757
5992 60
5993 11697
5994 104
5995 6886
5996 22534
6000 3776
6002 4246
6003 12071
6004 2024
6005 3650
6006 6723
1914 811
6010 15401
6011 13713
6012 7335
6013 10991
6014 9980
6015 8419
6016 20889
6020 16526
6021 14826
6022 11483
6023 75
6024 12796
6025 3845
6026 13439
6030 26923
6031 4156
6032 1224
6033 116
6034 15067
6035 19731
6036 9505
6042 80
6043 6673
6044 125
6045 17871
6046 6304
6050 7482
6051 19005
6052 16799
6053 2654
6061 20045
6062 98
6063 8962
6074 5738
6075 109
6076 138
6080 3509
6081 106
6082 4580
6083 4252
6084 6604
6085 25231
1989 24185
6090 22551
6091 15969
6095 1871
2002 17066
6100 8641
6101 10254
2005 1658
6102 12685
6103 22205
6104 6061
6105 20016
6106 6101
6110 8191
6111 163
6112 2027
6113 12057
6114 31373
2019 6096
6116 3991
6120 34596
6121 18144
6122 102
6123 5965
6124 9782
6125 12041
2029 39591
6126 17733
6130 120
6131 8643
6132 71
6133 8089
6134 24795
6135 8852
2039 75
6136 108
6140 6151
6141 18151
6142 22513
6144 21136
6145 2719
2049 8063
6146 1602
6150 12410
6151 19078
6152 21999
6153 13373
6154 16484
6155 122
6160 26184
2064 28808
6161 292
6162 60
6163 14061
6164 21272
6165 33385
6170 23202
6171 18173
2075 118
6172 6514
6173 19326
6174 22484
6175 99
6176 9430
2081 774
6181 12578
6182 8106
2092 22430
6190 4421
2094 107
2099 8865
2102 16483
6200 157
6201 64
6202 14469
6203 8729
6204 13975
6205 20548
6206 29972
2110 4608
2113 8786
6210 5290
6211 18647
6212 11759
6213 15074
6214 100
6215 16765
6216 20090
2120 3457
6221 3600
6222 10155
6223 127
6224 118
6225 2954
6230 528
6232 14964
6250 151
6251 11592
6252 18850
6254 18143
6255 102
6256 6825
6260 5812
6261 14924
6262 5843
6263 606
6264 8687
6265 3553
6266 6877
6270 16719
6272 21136
6274 4446
6275 5109
6276 13774
6282 8605
6283 3856
6284 104
6285 9356
6286 6306
6290 13123
6291 56
6292 1849
6293 22407
6294 5391
2199 16195
6295 19597
6300 79
6301 14499
6302 7221
6303 14097
6304 4604
6306 140
6310 11939
6311 10142
6312 13172
6313 6968
2219 16332
6315 17543
2220 2409
2221 7822
6320 69
6321 16074
6322 3485
6323 9026
2228 126
6324 15386
6325 33076
6326 14920
2230 20959
2234 17008
6330 35748
6331 125
2235 103
6332 18584
6333 106
6334 6997
6336 124
6350 10878
6351 200
6352 11799
6353 6024
6354 22447
6360 19243
6361 29078
6362 656
6363 15478
6364 17662
6365 4169
6370 100
6371 19904
6372 7329
6373 18298
6374 18276
6380 8103
6381 13497
6382 16327
6383 90
6385 81
6386 9040
6390 24524
6391 18098
6392 10052
6393 2103
2297 77
2298 18688
6394 18124
2299 576
6395 14576
2300 79
6396 6930
2301 21810
2302 13760
2303 34543
2304 23572
6400 23825
6401 7788
2306 11898
6402 4496
2307 13411
6403 14256
2308 10259
6404 15969
6405 18775
2310 7450
6406 3187
2311 25320
2312 18543
6408 114
6409 115
2313 88
2314 17477
6410 107
2315 15807
6411 87
6412 10431
6413 13826
2317 16824
6414 42465
2318 7540
2319 92
6415 82
6416 14221
2320 29985
2321 11088
2322 74
2323 2306
6420 26371
2324 81
6421 17003
2325 3518
6422 105
2326 10859
2327 19899
6423 4614
2328 2322
6424 138
2329 14563
6426 4085
2330 11113
2331 9394
2332 31225
2333 4136
2334 20502
6430 2954
6431 26533
2335 4837
2336 11937
6432 8739
6433 19294
2337 9212
2338 15658
6434 1013
2339 89
6435 16157
6436 3244
2340 18231
2341 22046
2342 7061
2343 12332
2344 4620
6441 132
6442 10745
2346 3382
6443 26081
2347 26531
6444 16800
2348 45
6445 9540
2349 12069
2350 15661
6446 16696
2351 95
2352 60
2353 10195
6450 4589
2355 20355
6452 560
2356 96
2357 10015
2358 126
6454 12886
6455 12634
6456 7117
6461 6903
6462 18806
6463 19936
6464 9744
6465 20804
6466 9054
6470 10114
2374 31208
6472 11492
6473 116
6474 96
6476 13937
6480 7068
6481 16633
6482 17142
6483 164
6485 6013
6486 18043
6490 6417
6491 7120
6494 27432
6496 2396
2400 1467
2402 16207
2403 8758
2404 17312
6501 7358
2405 12749
2406 3516
6502 28699
2407 13423
6503 21337
6504 234
2408 15857
6505 18646
2409 24731
2410 18158
2411 23887
2412 149
2413 14573
2414 82
6510 17942
2415 90
2416 7675
6512 9170
2417 24697
6513 2323
2418 109
6514 113
2419 27679
2420 117
6516 13395
2421 15550
2422 9207
2423 28201
6520 9835
2424 151
2425 14038
6522 10716
2426 18785
2427 88
6523 20603
6524 12135
2428 17217
2429 40
6526 11433
2430 9685
2431 97
2432 10289
2433 3787
2434 85
2435 12636
6531 21285
6532 8881
2436 18176
2437 7817
2438 116
6534 12462
6535 13642
2439 16375
6536 14560
2440 13528
2441 114
2442 14794
2443 613
6540 5318
2444 104
2445 17256
6541 27838
2446 19086
6542 6028
2447 81
6543 21117
6544 5181
2448 21090
6545 1151
2449 9380
2450 5786
6546 110
2451 15041
2452 3888
2453 99
2454 3328
2455 22198
2456 24661
2457 11497
2458 20714
2459 19755
2460 20966
2461 503
2462 11674
2463 18569
6560 7951
2464 3437
2465 11402
6561 15034
2466 15504
2467 110
6563 2029
2468 8631
2469 3161
2471 22489
2473 19686
2474 90
2475 833
2477 10895
2478 18316
6575 116
2479 108
2480 78
2481 17929
2482 2933
2483 33236
2484 12797
2485 6681
6581 18147
2486 389
6582 6895
6583 1304
2487 10240
6584 28407
6586 17035
6590 88
6591 453
6593 10849
6594 16208
6596 13498
6600 8970
6602 19438
6604 11875
6605 12266
6613 4931
6614 19803
6615 19113
6616 19301
6621 107
6622 6831
6623 7067
6624 19319
6625 640
6626 15246
6630 106
6631 7280
6633 13373
6634 24660
6635 23372
6636 84
6640 4536
6641 11396
6642 72
6643 11282
6646 13774
6651 18089
6652 12272
6653 17802
6655 5835
6656 8965
6660 14706
6662 4057
6664 11085
6666 22574
6670 10230
6671 80
6672 4153
6673 5673
6674 7745
6675 1632
6680 8180
6681 7180
6682 92
6683 6788
6684 10348
6685 16419
6686 15724
6690 6795
6691 16715
6694 10392
6695 10840
6696 13043
6700 28556
6701 17433
6702 17066
6703 155
6704 24013
6705 22636
6706 423
6710 106
6711 6521
6712 16123
6713 100
6715 21270
6716 93
6720 21234
6721 7190
6724 18509
6726 26025
6730 9562
6731 19627
6732 9360
6733 14631
6734 13649
6736 8525
6740 14532
6742 4309
6743 61
6744 7158
6745 94
6746 10434
6750 13403
6751 18105
6753 30335
6755 92
6756 13538
6760 25962
6770 17602
6771 23
6772 15250
6773 19664
6775 5409
6776 117
6780 15430
6781 8094
6790 1551
6791 9990
6792 7297
6795 154
6796 18096
6800 117
6802 125
6803 7400
6806 26101
6811 2763
6812 2063
6813 7349
6814 21394
6816 6031
6821 35606
6822 24954
6823 24069
6824 11834
6825 8792
6830 7970
6832 878
6834 7425
6835 18678
6836 7946
6850 7283
6851 13774
6852 8380
6856 65
6857 13746
6858 10226
6859 9751
6860 18998
6861 5491
6862 4205
6863 96
6864 6165
6865 7072
6866 6249
6867 8391
6868 19940
6869 6725
6870 130
6871 74
6872 138
6873 110
6874 8428
6875 18164
6876 16896
6877 19173
6878 7784
6879 8739
6880 140
6881 13729
6882 19041
6883 2339
6884 12436
6885 10499
6886 20527
6887 17070
6888 88
6889 13775
6890 306
6891 111
6892 2581
6893 20865
6894 19595
6895 32809
6896 5543
6897 6759
6898 9383
6899 8882
6900 146
6901 21271
6902 13019
6903 76
6904 12088
6905 12018
6906 5982
6907 10155
6908 15335
6909 15367
6910 18292
6911 23309
6912 133
6913 16748
6914 6518
6915 8314
6916 20385
6917 32021
6918 741
6919 25990
6920 15376
6921 6117
6922 1123
6923 66
6924 3448
6925 6461
6926 16256
6927 12815
6928 19064
6929 11237
6930 26404
6931 22334
6932 133
6933 14622
6934 14854
6935 2050
6936 8047
6937 124
6938 13210
6939 135
6940 3646
6941 4083
6942 9218
6943 17508
6944 10356
6945 10194
6946 11398
6947 3082
6948 24619
6949 24638
6950 95
6951 23117
6952 23348
6953 10960
6954 2301
6955 7137
6956 27649
6957 7454
6958 2573
6959 95
6960 116
6961 115
6962 17808
6963 7225
6964 20506
6965 10686
6966 77
6967 23693
6968 8783
6969 15812
6970 10514
6971 18527
6972 26863
6973 19048
6974 19169
6975 2567
6976 5937
6977 17306
6978 21561
6979 102
6980 18308
6981 138
6982 18746
6983 22359
6984 21075
6985 18571
6986 3634
6987 17662
6988 4256
6989 13900
6990 15471
6991 7941
6992 11471
6993 1445
6995 4626
6997 10863
6998 83
6999 105
7000 563
7001 13720
7003 7858
7004 18387
7006 84
7007 6702
7008 71
7009 11562
7013 2134
7014 27020
7015 14028
7018 7109
7019 13242
7021 10120
7022 6479
7023 17316
7024 1170
7025 36322
7026 28097
7027 26676
7028 22198
7033 17214
7034 11863
7035 10703
7036 11485
7037 11791
7038 5677
7043 17557
7044 11273
7045 13168
7046 25082
7047 13299
7048 18121
7053 5424
7054 152
7055 3336
7056 24202
7057 23650
7058 85
7063 10243
7064 49
7065 2506
7066 13953
7067 7825
7073 21375
7074 24279
7075 5120
7076 95
7077 4725
7083 2734
7084 12595
7085 37938
7086 7715
7087 9287
7093 129
7094 20206
7095 3184
7096 9988
7097 109
7103 5616
7104 28382
7105 18388
7106 20287
7107 36481
7113 8207
7114 5593
7115 116
7116 11164
7117 19980
3260 4762
3281 3929
3337 18540
3342 80
3347 9427
3361 6771
3362 18483
3368 15272
3374 44
3377 2293
3380 19550
3383 12684
3385 11250
3389 11778
3395 15520
3397 117
3399 9079
3401 18320
3402 10692
3403 7107
3404 25226
3405 29953
4009 13360
4012 17554
4014 25069
4015 7487
4016 12931
4019 2194
4020 22891
4021 19354
4022 11216
4024 43
4025 8475
4030 5024
4034 18689
4036 23501
4037 6986
4038 22082
4040 8291
4041 8498
4042 18558
4043 89
4044 4749
4046 14383
4047 6304
4050 12030
4054 13169
4055 201
4057 4526
4058 7812
4059 7724
4060 20701
4061 329
4062 64
4068 18567
4069 27804
4070 15089
4072 15935
4083 26317
4084 14292
4085 1097
4087 15252
